2 0.416988 0.280928 0.100386 0.077320
2 0.326255 0.237113 0.096525 0.082474
2 0.328185 0.324742 0.100386 0.092784
2 0.382239 0.329897 0.092664 0.092784
2 0.370656 0.399485 0.100386 0.077320
2 0.341699 0.484536 0.096525 0.092784
2 0.245174 0.368557 0.104247 0.097938
2 0.258687 0.515464 0.100386 0.092784
2 0.264479 0.587629 0.111969 0.113402
2 0.430502 0.739691 0.111969 0.108247
2 0.490347 0.219072 0.100386 0.087629
2 0.559846 0.288660 0.100386 0.082474
2 0.550193 0.350515 0.088803 0.092784
2 0.648649 0.335052 0.092664 0.103093
2 0.712355 0.407216 0.096525 0.092784
2 0.642857 0.440722 0.096525 0.108247
2 0.741313 0.507732 0.100386 0.097938
2 0.685328 0.579897 0.104247 0.097938
2 0.621622 0.667526 0.108108 0.108247
2 0.708494 0.734536 0.111969 0.108247
2 0.559846 0.757732 0.108108 0.113402
2 0.505792 0.556701 0.092664 0.103093
2 0.515444 0.657216 0.104247 0.097938
2 0.418919 0.623711 0.104247 0.082474
2 0.457529 0.525773 0.104247 0.103093
2 0.503861 0.448454 0.104247 0.092784
