15 0.107884 0.459330 0.165975 0.181818
15 0.292531 0.282297 0.170124 0.162679
15 0.452282 0.236842 0.157676 0.167464
15 0.570539 0.255981 0.120332 0.177033
15 0.408714 0.375598 0.095436 0.177033
15 0.300830 0.399522 0.161826 0.081340
15 0.315353 0.514354 0.174274 0.167464
15 0.209544 0.605263 0.170124 0.177033
15 0.242739 0.760766 0.178423 0.181818
15 0.363071 0.837321 0.161826 0.191388
15 0.634855 0.877990 0.157676 0.186603
15 0.462656 0.688995 0.170124 0.124402
15 0.489627 0.801435 0.141079 0.186603
15 0.624481 0.708134 0.161826 0.191388
15 0.601660 0.581340 0.157676 0.138756
15 0.751037 0.602871 0.149378 0.162679
15 0.836100 0.521531 0.153527 0.153110
15 0.923237 0.344498 0.120332 0.191388
15 0.836100 0.413876 0.161826 0.157895
15 0.636929 0.423445 0.153527 0.177033
15 0.529046 0.468900 0.136929 0.181818
15 0.404564 0.377990 0.103734 0.181818
15 0.398340 0.555024 0.157676 0.181818
15 0.462656 0.693780 0.170124 0.124402
15 0.690871 0.284689 0.161826 0.186603
15 0.682573 0.114833 0.161826 0.162679
15 0.811203 0.205742 0.161826 0.181818
