15 0.244444 0.275556 0.133333 0.142222
15 0.093333 0.455556 0.151111 0.137778
15 0.328889 0.508889 0.151111 0.128889
15 0.202222 0.606667 0.137778 0.146667
15 0.293333 0.157778 0.133333 0.128889
15 0.464444 0.122222 0.137778 0.137778
15 0.382222 0.086667 0.124444 0.128889
15 0.520000 0.380000 0.151111 0.137778
15 0.660000 0.337778 0.137778 0.142222
15 0.817778 0.404444 0.142222 0.142222
15 0.873333 0.548889 0.146667 0.137778
15 0.777778 0.631111 0.142222 0.124444
15 0.846667 0.755556 0.155556 0.133333
15 0.693333 0.768889 0.142222 0.142222
15 0.737778 0.911111 0.133333 0.142222
15 0.411111 0.737778 0.146667 0.142222
15 0.444444 0.580000 0.124444 0.137778
15 0.577778 0.542222 0.142222 0.133333
