15 0.151111 0.315556 0.133333 0.142222
15 0.322222 0.248889 0.128889 0.142222
15 0.486667 0.342222 0.137778 0.142222
15 0.613333 0.351111 0.133333 0.151111
15 0.806667 0.288889 0.137778 0.151111
15 0.835556 0.468889 0.142222 0.137778
15 0.717778 0.420000 0.146667 0.128889
15 0.340000 0.417778 0.137778 0.124444
15 0.191111 0.468889 0.142222 0.128889
15 0.177778 0.611111 0.142222 0.137778
15 0.311111 0.657778 0.142222 0.124444
15 0.302222 0.784444 0.151111 0.146667
15 0.468889 0.746667 0.146667 0.142222
15 0.466667 0.620000 0.142222 0.128889
15 0.595556 0.653333 0.142222 0.142222
15 0.693333 0.562222 0.142222 0.137778
15 0.575556 0.511111 0.146667 0.124444
15 0.455556 0.466667 0.137778 0.133333
15 0.335556 0.533333 0.146667 0.124444
